DJI_M100_PARAMS:
  KF: 3.16e-10
  KM: 7.94e-12
  M: 2.355
  ARM: 0.325
  T2W: 2.5
  ROTOR_DIRS: [-1, 1, -1, 1]
  J: [[0.01152, 0, 0], [0, 0.01152, 0], [0, 0, 0.0218]]

